56344,64819,11107,16082,52862,42956,29128,81656,21949,45390
44041,80890,50346,65063,87607,18182,47530,88227,68556,26777
78615,75174,17169,88961,5367,33093,26649,35963,83478,73527
3129,98702,85318,30673,84586,55568,3233,13028,60217,71960
59672,41825,35768,51620,96269,4624,68974,70740,84656,8562
61463,54842,26119,41595,60098,35522,98679,93709,67009,26187
70932,78271,92895,58688,76449,80500,73229,95415,53040,35655
55871,33391,7482,37437,66514,82245,22187,37118,47956,9591
9576,15791,45706,75166,99678,15438,16422,63234,84770,40373
80141,96322,91466,9181,60580,93199,69360,6292,11436,77256
92891,63432,74901,72034,45694,22942,75789,14433,81400,43462
80879,27443,38152,61155,18873,81771,91912,90348,17458,65160
47029,34149,88956,15242,1625,94658,17869,16873,62686,77834
6972,22528,88800,28830,86788,38418,97376,81274,11400,1042
71100,34653,32298,66810,66444,48211,22917,27771,74675,21896
15976,54742,92812,65944,89913,9311,23915,30308,28115,9469
20963,55044,6956,35721,94377,93367,74762,43795,56597,9012
32122,16281,93294,91707,57801,46554,6634,34678,91221,92918
82465,53195,40530,53830,93342,3710,98357,7886,70127,30902
67671,41803,18856,80166,48404,19730,60711,18054,82822,89113
